    -9.80000      0.00000
    -9.40000      0.00000
    -9.00000      0.00000
    -8.60000      0.00000
    -8.20000      0.00000
    -7.80000      0.00000
    -7.40000      0.00000
    -7.00000      0.00000
    -6.60000      0.00000
    -6.20000      0.00000
    -5.80000      0.00000
    -5.40000      0.00000
    -5.00000      0.00000
    -4.60000      0.00000
    -4.20000     15.00000
    -3.80000     30.00000
    -3.40000     52.50000
    -3.00000     55.00000
    -2.60000    100.00000
    -2.20000    107.50000
    -1.80000    150.00000
    -1.40000    150.00000
    -1.00000    155.00000
    -0.60000    165.00000
    -0.20000    142.50000
     0.20000    167.50000
     0.60000    140.00000
     1.00000    130.00000
     1.40000    185.00000
     1.80000    137.50000
     2.20000    122.50000
     2.60000     90.00000
     3.00000     87.50000
     3.40000     47.50000
     3.80000     32.50000
     4.20000      5.00000
     4.60000      2.50000
     5.00000      5.00000
     5.40000      0.00000
     5.80000      2.50000
     6.20000      0.00000
     6.60000      0.00000
     7.00000      0.00000
     7.40000      0.00000
     7.80000      0.00000
     8.20000      0.00000
     8.60000      0.00000
     9.00000      0.00000
     9.40000      0.00000
     9.80000      0.00000
 after hadron evolution
    -9.80000      0.00000
    -9.40000      0.00000
    -9.00000      0.00000
    -8.60000      0.00000
    -8.20000      0.00000
    -7.80000      0.00000
    -7.40000      0.00000
    -7.00000      0.00000
    -6.60000      0.00000
    -6.20000      0.00000
    -5.80000      0.00000
    -5.40000      0.00000
    -5.00000     10.00000
    -4.60000      0.00000
    -4.20000     15.00000
    -3.80000     37.50000
    -3.40000     42.50000
    -3.00000    100.00000
    -2.60000    137.50000
    -2.20000    160.00000
    -1.80000    212.50000
    -1.40000    287.50000
    -1.00000    215.00000
    -0.60000    305.00000
    -0.20000    307.50000
     0.20000    300.00000
     0.60000    287.50000
     1.00000    252.50000
     1.40000    302.50000
     1.80000    210.00000
     2.20000    192.50000
     2.60000    137.50000
     3.00000    115.00000
     3.40000     47.50000
     3.80000     37.50000
     4.20000     10.00000
     4.60000     10.00000
     5.00000      2.50000
     5.40000      0.00000
     5.80000      2.50000
     6.20000      0.00000
     6.60000      0.00000
     7.00000      0.00000
     7.40000      0.00000
     7.80000      0.00000
     8.20000      0.00000
     8.60000      0.00000
     9.00000      0.00000
     9.40000      0.00000
     9.80000      0.00000
