    -9.80000      0.00000
    -9.40000      0.00000
    -9.00000      0.00000
    -8.60000      0.00000
    -8.20000      0.00000
    -7.80000      0.00000
    -7.40000      0.00000
    -7.00000      0.00000
    -6.60000      0.00000
    -6.20000      0.00000
    -5.80000      0.00000
    -5.40000      0.00000
    -5.00000      0.00000
    -4.60000      0.00000
    -4.20000      0.00000
    -3.80000      5.00000
    -3.40000     15.00000
    -3.00000     32.50000
    -2.60000     67.50000
    -2.20000     92.50000
    -1.80000    125.00000
    -1.40000    157.50000
    -1.00000    167.50000
    -0.60000    255.00000
    -0.20000    205.00000
     0.20000    232.50000
     0.60000    212.50000
     1.00000    147.50000
     1.40000    175.00000
     1.80000    160.00000
     2.20000     90.00000
     2.60000     80.00000
     3.00000     40.00000
     3.40000     15.00000
     3.80000      2.50000
     4.20000      0.00000
     4.60000      0.00000
     5.00000      0.00000
     5.40000      0.00000
     5.80000      0.00000
     6.20000      0.00000
     6.60000      0.00000
     7.00000      0.00000
     7.40000      0.00000
     7.80000      0.00000
     8.20000      0.00000
     8.60000      0.00000
     9.00000      0.00000
     9.40000      0.00000
     9.80000      0.00000
 after hadron evolution
    -9.80000      0.00000
    -9.40000      0.00000
    -9.00000      0.00000
    -8.60000      0.00000
    -8.20000      0.00000
    -7.80000      0.00000
    -7.40000      0.00000
    -7.00000      0.00000
    -6.60000      0.00000
    -6.20000      0.00000
    -5.80000      0.00000
    -5.40000      0.00000
    -5.00000      0.00000
    -4.60000      0.00000
    -4.20000      5.00000
    -3.80000      7.50000
    -3.40000     20.00000
    -3.00000     50.00000
    -2.60000    120.00000
    -2.20000    120.00000
    -1.80000    202.50000
    -1.40000    217.50000
    -1.00000    335.00000
    -0.60000    377.50000
    -0.20000    375.00000
     0.20000    385.00000
     0.60000    387.50000
     1.00000    255.00000
     1.40000    317.50000
     1.80000    200.00000
     2.20000    150.00000
     2.60000    102.50000
     3.00000     67.50000
     3.40000     32.50000
     3.80000      5.00000
     4.20000      5.00000
     4.60000      0.00000
     5.00000      0.00000
     5.40000      0.00000
     5.80000      0.00000
     6.20000      0.00000
     6.60000      0.00000
     7.00000      0.00000
     7.40000      0.00000
     7.80000      0.00000
     8.20000      0.00000
     8.60000      0.00000
     9.00000      0.00000
     9.40000      0.00000
     9.80000      0.00000
