    -9.80000      0.00000
    -9.40000      0.00000
    -9.00000      0.00000
    -8.60000      0.00000
    -8.20000      0.00000
    -7.80000      0.00000
    -7.40000      0.00000
    -7.00000      0.00000
    -6.60000      0.00000
    -6.20000      0.00000
    -5.80000      0.00000
    -5.40000      0.00000
    -5.00000      0.00000
    -4.60000      0.00000
    -4.20000      2.50000
    -3.80000      5.00000
    -3.40000     25.00000
    -3.00000     47.50000
    -2.60000     80.00000
    -2.20000    125.00000
    -1.80000    212.50000
    -1.40000    260.00000
    -1.00000    260.00000
    -0.60000    362.50000
    -0.20000    337.50000
     0.20000    357.50000
     0.60000    337.50000
     1.00000    285.00000
     1.40000    217.50000
     1.80000    232.50000
     2.20000    145.00000
     2.60000     90.00000
     3.00000     42.50000
     3.40000     25.00000
     3.80000      7.50000
     4.20000      0.00000
     4.60000      0.00000
     5.00000      0.00000
     5.40000      0.00000
     5.80000      0.00000
     6.20000      0.00000
     6.60000      0.00000
     7.00000      0.00000
     7.40000      0.00000
     7.80000      0.00000
     8.20000      0.00000
     8.60000      0.00000
     9.00000      0.00000
     9.40000      0.00000
     9.80000      0.00000
 after hadron evolution
    -9.80000      0.00000
    -9.40000      0.00000
    -9.00000      0.00000
    -8.60000      0.00000
    -8.20000      0.00000
    -7.80000      0.00000
    -7.40000      0.00000
    -7.00000      0.00000
    -6.60000      0.00000
    -6.20000      0.00000
    -5.80000      0.00000
    -5.40000      0.00000
    -5.00000      0.00000
    -4.60000      0.00000
    -4.20000      7.50000
    -3.80000     10.00000
    -3.40000     37.50000
    -3.00000     70.00000
    -2.60000    162.50000
    -2.20000    187.50000
    -1.80000    307.50000
    -1.40000    382.50000
    -1.00000    457.50000
    -0.60000    512.50000
    -0.20000    552.50000
     0.20000    555.00000
     0.60000    535.00000
     1.00000    382.50000
     1.40000    460.00000
     1.80000    305.00000
     2.20000    215.00000
     2.60000    127.50000
     3.00000     85.00000
     3.40000     42.50000
     3.80000     12.50000
     4.20000      5.00000
     4.60000      0.00000
     5.00000      0.00000
     5.40000      0.00000
     5.80000      0.00000
     6.20000      0.00000
     6.60000      0.00000
     7.00000      0.00000
     7.40000      0.00000
     7.80000      0.00000
     8.20000      0.00000
     8.60000      0.00000
     9.00000      0.00000
     9.40000      0.00000
     9.80000      0.00000
