           1           0         197         197   3.86094236    
     1.787     -1.873     1     3      5.883     0  2212
     5.932      4.315     2     0      5.559  2212  2212
    -0.344     -3.159     3     3      5.517     0  2212
    -0.351      2.109     4     3      4.812     0  2112
    -2.136      1.940     5     3      4.680     0  2112
     2.948     -2.667     6     3      4.593     0  2212
     1.365      1.064     7     3      4.547     0  2212
     2.574     -0.334     8     3      4.518     0  2212
     1.630      0.522     9     3      4.342     0  2212
    -2.450      6.387    10     3      4.311     0  2112
    -0.124     -3.823    11     3      4.304     0  2212
     3.545     -2.050    12     3      4.143     0  2212
    -0.266     -4.818    13     3      4.085     0  2212
     6.012     -1.224    14     0      4.017  2212  2212
     5.031     -1.043    15     3      3.980     0  2212
     1.154     -1.629    16     3      3.925     0  2212
     0.722      5.064    17     3      3.885     0  2212
     4.541     -2.430    18     0      3.718  2212  2212
    -2.012      2.885    19     3      3.672     0  2212
     4.064     -0.689    20     3      3.618     0  2212
     1.452      3.993    21     3      3.615     0  2212
     3.200     -3.327    22     3      3.544     0  2212
     2.229     -5.759    23     0      3.387  2212  2212
    -0.062     -4.281    24     3      3.354     0  2112
     2.746      3.633    25     2      3.277  2212  2212
    -3.010     -1.339    26     3      3.221     0  2212
     4.708     -3.552    27     3      3.100     0  2212
     1.483      0.198    28     3      3.000     0  2112
     3.050      2.222    29     3      2.967     0  2112
    -0.855      2.539    30     3      2.815     0  2212
     2.151     -5.666    31     3      2.756     0  2212
     1.662     -3.564    32     3      2.754     0  2212
     2.463      5.516    33     3      2.727     0  2212
    -0.241      1.496    34     3      2.658     0  2112
    -2.172      0.567    35     3      2.611     0  2212
     4.855      3.638    36     3      2.469     0  2212
     1.751      5.527    37     1      2.450  2212  2212
     4.005      5.961    38     0      2.398  2212  2212
     7.710     -0.331    39     0      2.330  2212  2212
     3.756     -5.875    40     2      2.278  2212  2212
     2.344     -5.600    41     3      2.247     0  2212
     3.944     -1.922    42     3      2.206     0  2212
    -2.263     -4.903    43     3      2.198     0  2212
    -3.367     -1.487    44     3      2.184     0  2112
    -0.093     -2.618    45     3      1.885     0  2212
     3.520      2.986    46     3      1.883     0  2212
    -0.860      4.639    47     3      1.871     0  2212
    -1.330      6.373    48     3      1.844     0  2212
    -1.085     -0.781    49     3      1.837     0  2212
    -1.836      4.385    50     3      1.780     0  2212
     4.920     -1.580    51     3      1.751     0  2212
     0.444      0.176    52     3      1.709     0  2112
     4.151     -3.112    53     3      1.557     0  2212
     3.991      4.163    54     1      1.547  2212  2212
    -2.164      2.515    55     3      1.468     0  2212
     0.094     -0.001    56     3      1.444     0  2112
    -1.428     -4.979    57     3      1.439     0  2212
     1.683     -4.677    58     1      1.425  2212  2212
     7.988      1.371    59     3      1.408     0  2212
     6.909      4.339    60     0      1.407  2212  2212
    -1.787     -1.646    61     3      1.259     0  2112
    -4.911      1.309    62     3      1.224     0  2212
     1.890     -5.360    63     3      1.099     0  2212
     6.802      0.823    64     3      0.911     0  2212
    -2.252     -4.364    65     3      0.908     0  2212
     3.492      0.913    66     3      0.890     0  2212
     6.859     -0.946    67     0      0.836  2212  2212
     0.628      1.688    68     3      0.785     0  2212
     6.633      0.120    69     0      0.778  2212  2212
     2.321      0.742    70     3      0.743     0  2212
     6.191     -4.683    71     0      0.681  2212  2212
     2.132     -3.153    72     1      0.679  2212  2212
     8.173      0.575    73     3      0.665     0  2212
     5.229     -2.500    74     0      0.664  2212  2212
     1.914     -1.911    75     2      0.643  2212  2212
     0.785     -0.163    76     3      0.619     0  2212
    -1.155      3.998    77     3      0.619     0  2212
    -2.092     -3.365    78     3      0.615     0  2212
     0.284     -5.318    79     3      0.608     0  2212
    -0.199     -5.145    80     3      0.597     0  2112
    -2.859      4.467    81     3      0.375     0  2112
     3.177      2.892    82     3      0.344     0  2212
     3.273     -0.083    83     3      0.290     0  2112
    -2.321     -0.710    84     3      0.286     0  2112
     4.945      3.092    85     3      0.124     0  2112
     2.093     -4.252    86     3      0.106     0  2112
     3.767      4.745    87     0      0.005  2112  2112
     5.999      0.696    88     3     -0.046     0  2112
     2.177      2.124    89     3     -0.152     0  2112
    -5.873     -0.736    90     3     -0.168     0  2112
    -2.478      1.437    91     3     -0.173     0  2112
     1.345     -6.270    92     3     -0.297     0  2112
     3.768      3.898    93     3     -0.307     0  2112
     7.704      0.163    94     0     -0.438  2112  2112
    -3.200     -0.050    95     3     -0.468     0  2112
     0.272      5.394    96     3     -0.481     0  2112
    -0.911      5.170    97     3     -0.494     0  2112
     5.435      5.213    98     0     -0.531  2112  2112
     0.950      6.006    99     3     -0.568     0  2212
     7.079      1.755   100     3     -0.598     0  2112
     7.513      3.864   101     0     -0.608  2112  2112
     5.055      5.809   102     0     -0.610  2112  2112
     4.096      2.733   103     1     -0.679  2112  2112
    -1.644      1.640   104     3     -0.729     0  2112
     1.203     -2.848   105     3     -0.776     0  2112
    -4.009     -3.875   106     3     -0.798     0  2112
    -5.867      2.262   107     3     -0.823     0  2112
     2.617     -4.367   108     3     -0.902     0  2112
     9.433     -1.832   109     0     -0.905  2112  2112
    -2.271      3.050   110     3     -0.958     0  2112
     3.699     -6.641   111     0     -0.994  2112  2112
    -3.524     -1.661   112     3     -1.019     0  2112
     5.698      4.535   113     3     -1.025     0  2212
     1.818      4.785   114     3     -1.029     0  2112
     3.098     -2.758   115     0     -1.032  2112  2112
     6.929      2.868   116     3     -1.038     0  2112
     1.332      4.446   117     3     -1.186     0  2112
     1.460      6.556   118     3     -1.235     0  2112
     4.621     -5.488   119     3     -1.255     0  2112
     1.620     -5.316   120     3     -1.261     0  2112
    -2.489      2.180   121     3     -1.265     0  2112
     1.171      2.283   122     3     -1.268     0  2112
     5.941      0.397   123     0     -1.368  2112  2112
     0.617     -4.075   124     3     -1.425     0  2112
    -1.931     -1.256   125     3     -1.474     0  2112
     5.864     -5.272   126     0     -1.523  2112  2112
     0.776     -0.779   127     3     -1.630     0  2112
     3.971      1.100   128     3     -1.762     0  2112
     4.245     -6.361   129     3     -1.816     0  2112
     6.961      2.047   130     1     -1.822  2112  2112
    -1.049     -3.606   131     3     -1.834     0  2112
     4.776      5.912   132     0     -1.846  2112  2112
     7.035      3.523   133     0     -1.931  2112  2112
     0.390      1.540   134     3     -1.933     0  2112
     5.015      1.193   135     3     -2.014     0  2112
     0.783      2.378   136     3     -2.078     0  2112
     1.310      0.395   137     3     -2.082     0  2112
     0.552      5.442   138     3     -2.250     0  2112
     2.474     -4.580   139     3     -2.295     0  2112
    -3.055      0.379   140     3     -2.377     0  2112
    -1.609     -4.186   141     0     -2.400  2112  2112
    -1.624      3.501   142     3     -2.400     0  2112
     5.599      1.348   143     3     -2.501     0  2112
    -3.356      0.095   144     3     -2.518     0  2112
     2.107      5.689   145     3     -2.557     0  2112
     3.778      3.218   146     3     -2.567     0  2112
    -0.201     -5.041   147     3     -2.574     0  2212
     4.416      5.945   148     0     -2.588  2112  2112
     3.247      4.332   149     3     -2.590     0  2112
     6.002      2.821   150     3     -2.613     0  2112
     0.706      0.803   151     3     -2.737     0  2112
     3.795      1.976   152     3     -2.759     0  2112
    -0.706     -2.844   153     3     -2.882     0  2112
    -2.109     -0.298   154     3     -2.972     0  2112
     3.252     -1.131   155     3     -3.097     0  2112
     1.208      2.919   156     3     -3.190     0  2112
     3.727      2.612   157     3     -3.211     0  2112
     4.493      3.585   158     3     -3.244     0  2112
    -4.225      2.074   159     3     -3.252     0  2112
     2.252      5.051   160     1     -3.311  2112  2112
     1.749      3.601   161     3     -3.312     0  2112
     0.138      2.774   162     3     -3.349     0  2112
     4.630     -3.870   163     1     -3.359  2112  2112
    -0.314      0.334   164     3     -3.372     0  2112
    -2.338      2.752   165     3     -3.400     0  2112
    -0.188      3.663   166     3     -3.469     0  2112
     3.888      4.370   167     0     -3.481  2112  2112
     3.568      3.625   168     3     -3.664     0  2112
     1.449     -2.676   169     3     -3.681     0  2112
     5.347     -0.991   170     3     -3.727     0  2112
     1.353     -1.204   171     3     -3.906     0  2112
    -1.262     -2.870   172     3     -3.983     0  2112
     1.217     -0.352   173     3     -4.116     0  2112
     4.381      1.472   174     3     -4.286     0  2112
    -1.449      1.226   175     3     -4.294     0  2112
    -0.100      2.940   176     3     -4.395     0  2212
     2.588     -0.445   177     3     -4.442     0  2212
     0.822      4.234   178     3     -4.447     0  2112
     5.335     -2.676   179     0     -4.669  2112  2112
     4.676      0.604   180     3     -4.694     0  2112
     4.349      2.667   181     3     -4.699     0  2112
     2.117     -2.696   182     3     -4.758     0  2112
     2.569     -2.077   183     3     -4.812     0  2112
    -2.003     -2.139   184     3     -4.968     0  2112
     7.111     -0.017   185     3     -5.001     0  2112
     3.126      2.473   186     1     -5.026  2112  2112
     2.806      5.038   187     3     -5.069     0  2112
     6.791     -0.125   188     0     -5.224  2112  2112
    -0.100     -4.679   189     3     -5.262     0  2112
     2.369     -3.825   190     3     -5.469     0  2112
    -0.641      3.279   191     3     -5.475     0  2112
    -1.448     -0.716   192     3     -5.802     0  2112
     1.396     -0.320   193     3     -5.823     0  2112
    -0.334     -1.434   194     3     -6.058     0  2112
    -1.214     -0.333   195     3     -6.611     0  2112
     2.515      4.860   196     3     -7.002     0  2112
     0.212     -3.005   197     3     -8.299     0  2112
     0.864     -5.046    -1     3     -6.561     0  2212
    -3.968     -3.742    -2     3     -6.505     0  2212
    -2.578     -1.148    -3     3     -5.706     0  2212
    -0.640     -1.985    -4     3     -5.704     0  2212
     0.924     -0.206    -5     3     -5.401     0  2212
    -3.475      0.084    -6     3     -5.316     0  2212
     1.509     -0.548    -7     3     -5.255     0  2112
    -3.424     -0.385    -8     3     -5.250     0  2212
     0.421     -2.752    -9     3     -4.845     0  2212
    -0.588     -0.995   -10     3     -4.670     0  2212
    -0.018      1.481   -11     3     -4.549     0  2212
    -2.285     -1.273   -12     3     -4.314     0  2212
    -4.771     -3.848   -13     0     -4.106  2212  2212
    -2.100     -0.107   -14     3     -3.995     0  2212
    -2.746     -1.099   -15     3     -3.827     0  2212
     7.301      1.994   -16     3     -3.523     0  2212
    -6.014      0.633   -17     0     -3.489  2212  2212
    -3.155      3.527   -18     0     -3.457  2212  2212
    -2.981      1.222   -19     3     -3.450     0  2212
    -5.579     -1.447   -20     0     -3.436  2212  2212
    -5.022      0.505   -21     3     -3.423     0  2212
    -0.859     -2.064   -22     3     -3.333     0  2212
     4.190      0.823   -23     3     -3.314     0  2212
     1.087      0.808   -24     3     -3.256     0  2212
     0.885     -3.073   -25     3     -3.136     0  2212
     1.537      0.963   -26     3     -3.128     0  2212
     3.912      4.196   -27     3     -3.118     0  2212
    -4.583     -4.376   -28     0     -3.102  2212  2212
    -4.331     -1.825   -29     3     -3.094     0  2212
    -5.153      3.886   -30     0     -3.093  2212  2212
     1.514      5.060   -31     3     -2.849     0  2112
    -0.811      0.881   -32     3     -2.830     0  2212
    -4.588      1.750   -33     1     -2.827  2212  2212
    -3.849     -3.899   -34     3     -2.768     0  2212
     1.563     -2.690   -35     3     -2.664     0  2212
     0.576     -4.559   -36     3     -2.397     0  2212
     3.981     -0.551   -37     3     -2.303     0  2212
    -0.303      1.659   -38     3     -2.246     0  2212
    -1.311     -5.483   -39     3     -2.144     0  2212
    -6.432      2.260   -40     3     -2.137     0  2212
     0.465      5.796   -41     3     -2.132     0  2212
    -2.659     -2.831   -42     0     -2.128  2212  2212
    -7.210      3.409   -43     3     -2.094     0  2212
    -1.991     -3.189   -44     3     -2.081     0  2212
     3.942      2.073   -45     3     -2.061     0  2112
    -5.942     -4.224   -46     3     -2.053     0  2212
    -1.796      0.675   -47     3     -2.031     0  2212
    -3.163     -3.793   -48     3     -1.970     0  2212
    -3.869      4.723   -49     0     -1.969  2212  2212
    -3.426      1.352   -50     3     -1.920     0  2212
    -3.068      0.917   -51     3     -1.740     0  2212
    -3.176      2.997   -52     3     -1.734     0  2212
    -1.603     -5.387   -53     3     -1.719     0  2212
    -2.075      4.463   -54     3     -1.672     0  2212
    -3.403     -1.265   -55     3     -1.619     0  2212
     4.157     -1.876   -56     3     -1.568     0  2212
    -7.517      3.604   -57     0     -1.503  2212  2212
     3.160      0.067   -58     3     -1.400     0  2212
    -3.998     -0.396   -59     0     -1.400  2212  2212
    -1.036      2.646   -60     3     -1.199     0  2212
    -6.161     -3.149   -61     3     -1.198     0  2212
    -1.395     -3.278   -62     3     -1.066     0  2212
    -4.273      4.317   -63     0     -1.059  2212  2212
    -0.574      3.357   -64     3     -0.953     0  2212
    -6.623     -1.054   -65     2     -0.918  2212  2212
    -3.383     -5.466   -66     3     -0.908     0  2212
     1.580     -4.617   -67     3     -0.807     0  2212
     0.771      6.557   -68     3     -0.793     0  2212
     2.326     -0.061   -69     3     -0.737     0  2212
    -4.031      1.900   -70     3     -0.677     0  2212
    -6.520     -1.929   -71     0     -0.673  2212  2212
    -0.381      7.273   -72     0     -0.549  2212  2212
    -7.622     -2.660   -73     0     -0.525  2212  2212
    -0.858     -1.310   -74     3     -0.481     0  2112
     0.430     -0.012   -75     3     -0.435     0  2212
     1.167     -4.181   -76     3     -0.366     0  2212
    -3.127      0.028   -77     3     -0.353     0  2212
    -3.600      3.619   -78     3     -0.343     0  2212
    -2.313      1.004   -79     3     -0.316     0  2212
    -4.248      3.479   -80     3     -0.313     0  2112
     4.665      2.874   -81     3     -0.288     0  2112
    -2.024     -0.043   -82     3     -0.269     0  2112
    -1.661     -0.876   -83     3     -0.146     0  2212
    -5.430      2.063   -84     3     -0.135     0  2112
    -4.495     -2.547   -85     1     -0.103  2112  2112
     0.726     -4.710   -86     3     -0.049     0  2112
    -7.490      1.081   -87     0     -0.049  2112  2112
    -4.639      1.066   -88     1      0.103  2112  2112
     3.393     -2.112   -89     3      0.115     0  2112
    -1.544     -0.534   -90     3      0.130     0  2112
    -1.650      5.975   -91     3      0.169     0  2112
     1.573      1.308   -92     3      0.173     0  2112
    -6.926      1.481   -93     0      0.241  2112  2112
    -0.394     -5.579   -94     3      0.258     0  2112
    -2.691     -2.048   -95     3      0.318     0  2112
     0.819      2.604   -96     3      0.401     0  2112
    -8.348     -0.161   -97     0      0.405  2112  2112
    -3.468      2.438   -98     3      0.415     0  2112
     0.364      5.225   -99     3      0.491     0  2112
    -6.996     -0.725  -100     3      0.599     0  2112
     2.746     -3.572  -101     3      0.646     0  2112
    -3.054      5.379  -102     0      0.669  2112  2112
    -3.519     -2.262  -103     3      0.685     0  2112
    -2.812      3.698  -104     3      0.733     0  2112
    -2.090      8.511  -105     0      0.734  2112  2112
    -1.504      4.169  -106     3      0.743     0  2112
    -1.490      4.817  -107     3      0.755     0  2112
    -3.134      1.398  -108     3      0.813     0  2112
    -7.075     -4.856  -109     0      0.935  2112  2112
     2.353     -1.133  -110     3      1.145     0  2112
     0.663     -1.256  -111     3      1.154     0  2112
    -5.149      0.125  -112     0      1.162  2112  2112
     1.885      4.798  -113     3      1.167     0  2112
     0.308      2.485  -114     3      1.196     0  2112
    -2.572     -4.005  -115     3      1.289     0  2112
   -10.105      0.312  -116     0      1.328  2112  2112
    -2.659     -1.209  -117     3      1.349     0  2112
    -3.100      1.248  -118     3      1.396     0  2112
    -4.754     -1.453  -119     3      1.443     0  2112
    -5.012      4.761  -120     0      1.459  2112  2112
    -5.695     -3.592  -121     0      1.475  2112  2112
    -5.155      3.883  -122     0      1.549  2112  2112
     4.170     -1.310  -123     3      1.563     0  2112
     1.324      1.548  -124     3      1.582     0  2112
    -3.910      5.348  -125     3      1.590     0  2212
    -6.599     -0.511  -126     3      1.596     0  2112
    -2.538      5.112  -127     3      1.658     0  2112
    -7.228      1.859  -128     0      1.665  2112  2112
    -4.171      0.788  -129     3      1.684     0  2112
    -1.220      0.428  -130     3      1.696     0  2112
     0.584     -0.906  -131     3      1.700     0  2112
     0.279     -4.473  -132     3      1.728     0  2112
    -1.068     -1.966  -133     3      1.773     0  2112
     4.074     -3.416  -134     3      1.789     0  2112
    -9.089     -0.381  -135     0      1.805  2112  2112
     4.550     -5.772  -136     3      1.805     0  2112
     5.836      0.910  -137     3      1.835     0  2112
    -2.458      3.087  -138     3      2.167     0  2112
     0.630      2.215  -139     3      2.248     0  2112
    -0.218     -0.175  -140     3      2.349     0  2112
    -8.592      0.329  -141     0      2.350  2112  2112
    -5.904     -3.277  -142     0      2.356  2112  2112
    -2.644      2.524  -143     3      2.395     0  2112
     2.756      2.698  -144     3      2.410     0  2112
    -0.718      5.056  -145     3      2.553     0  2112
    -4.916      5.943  -146     0      2.587  2112  2112
    -5.914     -1.611  -147     0      2.604  2112  2112
     3.482     -3.703  -148     3      2.648     0  2112
    -3.263      2.227  -149     3      2.698     0  2112
    -4.937     -2.504  -150     0      2.725  2112  2112
    -4.188     -4.000  -151     3      2.731     0  2112
    -3.670     -6.122  -152     0      2.778  2112  2112
    -7.354      0.142  -153     0      2.815  2112  2112
     1.297      1.755  -154     3      2.833     0  2112
     3.384     -0.271  -155     3      2.874     0  2112
     0.935      4.829  -156     3      3.004     0  2112
    -4.500     -0.550  -157     0      3.015  2112  2112
    -0.418     -2.685  -158     3      3.027     0  2112
     0.389      2.327  -159     3      3.092     0  2112
    -4.930     -4.503  -160     3      3.236     0  2112
    -4.197      1.184  -161     3      3.241     0  2112
    -4.782     -2.668  -162     0      3.262  2112  2112
    -5.385     -0.381  -163     0      3.265  2112  2112
     2.823      1.456  -164     3      3.330     0  2112
    -4.338      3.986  -165     0      3.444  2112  2112
     1.616     -2.159  -166     3      3.466     0  2112
     2.092      1.909  -167     3      3.501     0  2112
     0.751      4.207  -168     3      3.532     0  2112
     1.228      1.181  -169     3      3.550     0  2212
    -2.953      1.144  -170     3      3.625     0  2112
    -3.239     -0.617  -171     3      3.660     0  2112
     2.431     -3.682  -172     3      3.726     0  2112
    -2.588      1.441  -173     3      3.743     0  2112
    -5.926     -3.943  -174     0      3.866  2112  2112
    -1.443     -2.802  -175     3      3.906     0  2212
    -2.146      1.615  -176     3      4.001     0  2212
    -3.816      0.494  -177     3      4.069     0  2112
     0.205      3.890  -178     3      4.109     0  2112
    -0.806      1.111  -179     3      4.362     0  2112
    -1.906      3.420  -180     3      4.435     0  2112
    -4.201      1.835  -181     3      4.476     0  2112
    -1.105     -1.843  -182     3      4.530     0  2112
    -0.198      1.854  -183     3      4.630     0  2112
     0.016     -2.425  -184     3      4.657     0  2112
     0.067      0.193  -185     3      4.745     0  2112
    -4.339     -0.383  -186     3      4.899     0  2112
    -4.677      4.420  -187     0      4.976  2112  2112
    -2.494     -1.968  -188     3      5.006     0  2212
    -0.185     -0.326  -189     3      5.108     0  2212
    -2.799     -1.328  -190     3      5.237     0  2112
    -0.859      1.279  -191     3      5.413     0  2212
    -2.793     -3.039  -192     3      5.749     0  2112
     1.247     -0.573  -193     3      5.930     0  2212
    -6.188      1.765  -194     0      6.023  2112  2112
    -4.999     -1.172  -195     3      6.693     0  2112
     0.899     -3.587  -196     3      7.296     0  2112
    -0.428     -0.051  -197     3      7.499     0  2112
